{
 "cells": [
  {
   "cell_type": "markdown",
   "id": "db55f761",
   "metadata": {},
   "source": [
    "## Part 1: Exploratory Analysis and Visualization"
   ]
  },
  {
   "cell_type": "code",
   "execution_count": null,
   "id": "f12c2ba3-f6f8-40a5-9823-26db68a96e2a",
   "metadata": {},
   "outputs": [],
   "source": [
    "# ALIYA KAMAL (#50548366)"
   ]
  },
  {
   "cell_type": "code",
   "execution_count": 20,
   "id": "f834b497",
   "metadata": {},
   "outputs": [],
   "source": [
    "import numpy as np\n",
    "import pandas as pd"
   ]
  },
  {
   "cell_type": "code",
   "execution_count": 21,
   "id": "062f59ba",
   "metadata": {},
   "outputs": [],
   "source": [
    "# read in data file\n",
    "\n",
    "homes_df = pd.read_csv('WestRoxbury_unprocessed.csv')"
   ]
  },
  {
   "cell_type": "markdown",
   "id": "fee0b0b2",
   "metadata": {},
   "source": [
    "### Basic Exploratory Analysis"
   ]
  },
  {
   "cell_type": "code",
   "execution_count": 22,
   "id": "f2687311",
   "metadata": {},
   "outputs": [
    {
     "data": {
      "text/plain": [
       "TOTAL_VALUE    float64\n",
       "LOT_SQFT       float64\n",
       "YR_BUILT         int64\n",
       "LIVING_AREA    float64\n",
       "FLOORS         float64\n",
       "ROOMS            int64\n",
       "BEDROOMS         int64\n",
       "FULL_BATH        int64\n",
       "HALF_BATH        int64\n",
       "KITCHEN          int64\n",
       "FIREPLACE        int64\n",
       "REMODEL         object\n",
       "dtype: object"
      ]
     },
     "execution_count": 22,
     "metadata": {},
     "output_type": "execute_result"
    }
   ],
   "source": [
    "# print the data types of each column\n",
    "homes_df.dtypes"
   ]
  },
  {
   "cell_type": "code",
   "execution_count": 23,
   "id": "2652e5e4",
   "metadata": {},
   "outputs": [
    {
     "data": {
      "text/plain": [
       "(5802, 12)"
      ]
     },
     "execution_count": 23,
     "metadata": {},
     "output_type": "execute_result"
    }
   ],
   "source": [
    "# print the shape of the dataframe\n",
    "homes_df.shape"
   ]
  },
  {
   "cell_type": "code",
   "execution_count": 24,
   "id": "ac9f19d7",
   "metadata": {},
   "outputs": [
    {
     "data": {
      "text/plain": [
       "TOTAL_VALUE       0\n",
       "LOT_SQFT          1\n",
       "YR_BUILT          0\n",
       "LIVING_AREA       2\n",
       "FLOORS            0\n",
       "ROOMS             0\n",
       "BEDROOMS          0\n",
       "FULL_BATH         0\n",
       "HALF_BATH         0\n",
       "KITCHEN           0\n",
       "FIREPLACE         0\n",
       "REMODEL        4346\n",
       "dtype: int64"
      ]
     },
     "execution_count": 24,
     "metadata": {},
     "output_type": "execute_result"
    }
   ],
   "source": [
    "# check for null values\n",
    "homes_df.isnull().sum()"
   ]
  },
  {
   "cell_type": "code",
   "execution_count": 25,
   "id": "97166cff-dc70-48ba-80ca-4acfece88506",
   "metadata": {},
   "outputs": [
    {
     "data": {
      "text/plain": [
       "REMODEL\n",
       "Recent    875\n",
       "Old       581\n",
       "Name: count, dtype: int64"
      ]
     },
     "execution_count": 25,
     "metadata": {},
     "output_type": "execute_result"
    }
   ],
   "source": [
    "#check categories of remodel column\n",
    "homes_df[\"REMODEL\"].value_counts()"
   ]
  },
  {
   "cell_type": "code",
   "execution_count": 26,
   "id": "90098d96",
   "metadata": {},
   "outputs": [
    {
     "data": {
      "text/plain": [
       "ROOMS\n",
       "7     1769\n",
       "6     1669\n",
       "8      936\n",
       "5      578\n",
       "9      450\n",
       "10     200\n",
       "4       71\n",
       "11      66\n",
       "12      45\n",
       "13      10\n",
       "14       5\n",
       "3        3\n",
       "Name: count, dtype: int64"
      ]
     },
     "execution_count": 26,
     "metadata": {},
     "output_type": "execute_result"
    }
   ],
   "source": [
    "# look at the frequency of occurence in the \"ROOMS\" column\n",
    "homes_df[\"ROOMS\"].value_counts()"
   ]
  },
  {
   "cell_type": "code",
   "execution_count": 27,
   "id": "7980178d",
   "metadata": {},
   "outputs": [
    {
     "data": {
      "text/html": [
       "<div>\n",
       "<style scoped>\n",
       "    .dataframe tbody tr th:only-of-type {\n",
       "        vertical-align: middle;\n",
       "    }\n",
       "\n",
       "    .dataframe tbody tr th {\n",
       "        vertical-align: top;\n",
       "    }\n",
       "\n",
       "    .dataframe thead th {\n",
       "        text-align: right;\n",
       "    }\n",
       "</style>\n",
       "<table border=\"1\" class=\"dataframe\">\n",
       "  <thead>\n",
       "    <tr style=\"text-align: right;\">\n",
       "      <th></th>\n",
       "      <th>LOT_SQFT</th>\n",
       "      <th>YR_BUILT</th>\n",
       "      <th>LIVING_AREA</th>\n",
       "      <th>FLOORS</th>\n",
       "      <th>ROOMS</th>\n",
       "      <th>BEDROOMS</th>\n",
       "      <th>FULL_BATH</th>\n",
       "      <th>HALF_BATH</th>\n",
       "      <th>KITCHEN</th>\n",
       "      <th>FIREPLACE</th>\n",
       "    </tr>\n",
       "  </thead>\n",
       "  <tbody>\n",
       "    <tr>\n",
       "      <th>LOT_SQFT</th>\n",
       "      <td>1.000000</td>\n",
       "      <td>-0.068903</td>\n",
       "      <td>0.426145</td>\n",
       "      <td>0.073640</td>\n",
       "      <td>0.308398</td>\n",
       "      <td>0.254094</td>\n",
       "      <td>0.201427</td>\n",
       "      <td>0.134947</td>\n",
       "      <td>0.044518</td>\n",
       "      <td>0.181910</td>\n",
       "    </tr>\n",
       "    <tr>\n",
       "      <th>YR_BUILT</th>\n",
       "      <td>-0.068903</td>\n",
       "      <td>1.000000</td>\n",
       "      <td>-0.131162</td>\n",
       "      <td>-0.190453</td>\n",
       "      <td>-0.144686</td>\n",
       "      <td>-0.130411</td>\n",
       "      <td>0.073706</td>\n",
       "      <td>0.060685</td>\n",
       "      <td>0.052091</td>\n",
       "      <td>0.087234</td>\n",
       "    </tr>\n",
       "    <tr>\n",
       "      <th>LIVING_AREA</th>\n",
       "      <td>0.426145</td>\n",
       "      <td>-0.131162</td>\n",
       "      <td>1.000000</td>\n",
       "      <td>0.475604</td>\n",
       "      <td>0.720688</td>\n",
       "      <td>0.641065</td>\n",
       "      <td>0.438143</td>\n",
       "      <td>0.300847</td>\n",
       "      <td>0.082799</td>\n",
       "      <td>0.261992</td>\n",
       "    </tr>\n",
       "    <tr>\n",
       "      <th>FLOORS</th>\n",
       "      <td>0.073640</td>\n",
       "      <td>-0.190453</td>\n",
       "      <td>0.475604</td>\n",
       "      <td>1.000000</td>\n",
       "      <td>0.432856</td>\n",
       "      <td>0.431242</td>\n",
       "      <td>0.112166</td>\n",
       "      <td>0.316142</td>\n",
       "      <td>-0.114602</td>\n",
       "      <td>0.120506</td>\n",
       "    </tr>\n",
       "    <tr>\n",
       "      <th>ROOMS</th>\n",
       "      <td>0.308398</td>\n",
       "      <td>-0.144686</td>\n",
       "      <td>0.720688</td>\n",
       "      <td>0.432856</td>\n",
       "      <td>1.000000</td>\n",
       "      <td>0.710693</td>\n",
       "      <td>0.378274</td>\n",
       "      <td>0.282655</td>\n",
       "      <td>0.129223</td>\n",
       "      <td>0.205223</td>\n",
       "    </tr>\n",
       "    <tr>\n",
       "      <th>BEDROOMS</th>\n",
       "      <td>0.254094</td>\n",
       "      <td>-0.130411</td>\n",
       "      <td>0.641065</td>\n",
       "      <td>0.431242</td>\n",
       "      <td>0.710693</td>\n",
       "      <td>1.000000</td>\n",
       "      <td>0.332620</td>\n",
       "      <td>0.256852</td>\n",
       "      <td>0.085353</td>\n",
       "      <td>0.164380</td>\n",
       "    </tr>\n",
       "    <tr>\n",
       "      <th>FULL_BATH</th>\n",
       "      <td>0.201427</td>\n",
       "      <td>0.073706</td>\n",
       "      <td>0.438143</td>\n",
       "      <td>0.112166</td>\n",
       "      <td>0.378274</td>\n",
       "      <td>0.332620</td>\n",
       "      <td>1.000000</td>\n",
       "      <td>-0.130628</td>\n",
       "      <td>0.146650</td>\n",
       "      <td>0.140160</td>\n",
       "    </tr>\n",
       "    <tr>\n",
       "      <th>HALF_BATH</th>\n",
       "      <td>0.134947</td>\n",
       "      <td>0.060685</td>\n",
       "      <td>0.300847</td>\n",
       "      <td>0.316142</td>\n",
       "      <td>0.282655</td>\n",
       "      <td>0.256852</td>\n",
       "      <td>-0.130628</td>\n",
       "      <td>1.000000</td>\n",
       "      <td>-0.020071</td>\n",
       "      <td>0.176234</td>\n",
       "    </tr>\n",
       "    <tr>\n",
       "      <th>KITCHEN</th>\n",
       "      <td>0.044518</td>\n",
       "      <td>0.052091</td>\n",
       "      <td>0.082799</td>\n",
       "      <td>-0.114602</td>\n",
       "      <td>0.129223</td>\n",
       "      <td>0.085353</td>\n",
       "      <td>0.146650</td>\n",
       "      <td>-0.020071</td>\n",
       "      <td>1.000000</td>\n",
       "      <td>-0.009562</td>\n",
       "    </tr>\n",
       "    <tr>\n",
       "      <th>FIREPLACE</th>\n",
       "      <td>0.181910</td>\n",
       "      <td>0.087234</td>\n",
       "      <td>0.261992</td>\n",
       "      <td>0.120506</td>\n",
       "      <td>0.205223</td>\n",
       "      <td>0.164380</td>\n",
       "      <td>0.140160</td>\n",
       "      <td>0.176234</td>\n",
       "      <td>-0.009562</td>\n",
       "      <td>1.000000</td>\n",
       "    </tr>\n",
       "  </tbody>\n",
       "</table>\n",
       "</div>"
      ],
      "text/plain": [
       "             LOT_SQFT  YR_BUILT  LIVING_AREA    FLOORS     ROOMS  BEDROOMS  \\\n",
       "LOT_SQFT     1.000000 -0.068903     0.426145  0.073640  0.308398  0.254094   \n",
       "YR_BUILT    -0.068903  1.000000    -0.131162 -0.190453 -0.144686 -0.130411   \n",
       "LIVING_AREA  0.426145 -0.131162     1.000000  0.475604  0.720688  0.641065   \n",
       "FLOORS       0.073640 -0.190453     0.475604  1.000000  0.432856  0.431242   \n",
       "ROOMS        0.308398 -0.144686     0.720688  0.432856  1.000000  0.710693   \n",
       "BEDROOMS     0.254094 -0.130411     0.641065  0.431242  0.710693  1.000000   \n",
       "FULL_BATH    0.201427  0.073706     0.438143  0.112166  0.378274  0.332620   \n",
       "HALF_BATH    0.134947  0.060685     0.300847  0.316142  0.282655  0.256852   \n",
       "KITCHEN      0.044518  0.052091     0.082799 -0.114602  0.129223  0.085353   \n",
       "FIREPLACE    0.181910  0.087234     0.261992  0.120506  0.205223  0.164380   \n",
       "\n",
       "             FULL_BATH  HALF_BATH   KITCHEN  FIREPLACE  \n",
       "LOT_SQFT      0.201427   0.134947  0.044518   0.181910  \n",
       "YR_BUILT      0.073706   0.060685  0.052091   0.087234  \n",
       "LIVING_AREA   0.438143   0.300847  0.082799   0.261992  \n",
       "FLOORS        0.112166   0.316142 -0.114602   0.120506  \n",
       "ROOMS         0.378274   0.282655  0.129223   0.205223  \n",
       "BEDROOMS      0.332620   0.256852  0.085353   0.164380  \n",
       "FULL_BATH     1.000000  -0.130628  0.146650   0.140160  \n",
       "HALF_BATH    -0.130628   1.000000 -0.020071   0.176234  \n",
       "KITCHEN       0.146650  -0.020071  1.000000  -0.009562  \n",
       "FIREPLACE     0.140160   0.176234 -0.009562   1.000000  "
      ]
     },
     "execution_count": 27,
     "metadata": {},
     "output_type": "execute_result"
    }
   ],
   "source": [
    "# look at the correlation between all of the predictors (be sure to only focus on the predictors, and not the target variable)\n",
    "predictors_df=homes_df[['LOT_SQFT' ,'YR_BUILT','LIVING_AREA','FLOORS','ROOMS','BEDROOMS','FULL_BATH','HALF_BATH','KITCHEN','FIREPLACE']]\n",
    "response_df=homes_df['TOTAL_VALUE']\n",
    "predictors_df.corr()"
   ]
  },
  {
   "cell_type": "markdown",
   "id": "50fc3a6c",
   "metadata": {},
   "source": [
    "## Part 2: Data preprocessing"
   ]
  },
  {
   "cell_type": "markdown",
   "id": "81e54a88",
   "metadata": {},
   "source": [
    "#### Drop predictors (if you feel it's necessary)"
   ]
  },
  {
   "cell_type": "code",
   "execution_count": 28,
   "id": "bd12f3f2-9123-4a82-8538-a2656579faea",
   "metadata": {},
   "outputs": [
    {
     "data": {
      "text/plain": [
       "REMODEL\n",
       "none      4346\n",
       "Recent     875\n",
       "Old        581\n",
       "Name: count, dtype: int64"
      ]
     },
     "execution_count": 28,
     "metadata": {},
     "output_type": "execute_result"
    }
   ],
   "source": [
    "#taking care of categorical column before dropping any column\n",
    "#AS None is being detected as NaN, change the type of REMODEL\n",
    "#also changing Object to categorical column nameREMODEL.\n",
    "homes_df['REMODEL'] = homes_df['REMODEL'].astype('category')\n",
    "homes_df['REMODEL']= homes_df['REMODEL'].cat.add_categories('none')\n",
    "homes_df['REMODEL'].fillna('none',inplace=True)\n",
    "homes_df['REMODEL'].value_counts()"
   ]
  },
  {
   "cell_type": "code",
   "execution_count": 29,
   "id": "2422d98b",
   "metadata": {},
   "outputs": [
    {
     "data": {
      "text/plain": [
       "TOTAL_VALUE     float64\n",
       "LOT_SQFT        float64\n",
       "YR_BUILT          int64\n",
       "LIVING_AREA     float64\n",
       "FLOORS          float64\n",
       "ROOMS             int64\n",
       "BEDROOMS          int64\n",
       "FULL_BATH         int64\n",
       "HALF_BATH         int64\n",
       "KITCHEN           int64\n",
       "FIREPLACE         int64\n",
       "REMODEL        category\n",
       "dtype: object"
      ]
     },
     "execution_count": 29,
     "metadata": {},
     "output_type": "execute_result"
    }
   ],
   "source": [
    "#PART 2\n",
    "#1: not dropping any columns atm.\n",
    "#checking data type before proceed.\n",
    "homes_df.dtypes"
   ]
  },
  {
   "cell_type": "code",
   "execution_count": 30,
   "id": "5cb0a3f0-bf42-419f-a89e-1e3fd3c49b74",
   "metadata": {},
   "outputs": [
    {
     "data": {
      "text/plain": [
       "TOTAL_VALUE    0\n",
       "LOT_SQFT       0\n",
       "YR_BUILT       0\n",
       "LIVING_AREA    0\n",
       "FLOORS         0\n",
       "ROOMS          0\n",
       "BEDROOMS       0\n",
       "FULL_BATH      0\n",
       "HALF_BATH      0\n",
       "KITCHEN        0\n",
       "FIREPLACE      0\n",
       "REMODEL        0\n",
       "dtype: int64"
      ]
     },
     "execution_count": 30,
     "metadata": {},
     "output_type": "execute_result"
    }
   ],
   "source": [
    "#Part 2:\n",
    "#2:\n",
    "####DEAL WITH NA Values\n",
    "#2 columns with NA values and checking here.\n",
    "homes_df_imp=homes_df.fillna(value={ \"LOT_SQFT\":homes_df[\"LOT_SQFT\"].mean(),\"LIVING_AREA\": homes_df[\"LOT_SQFT\"].mean ()}).copy()\n",
    "homes_df_imp.isnull().sum()"
   ]
  },
  {
   "cell_type": "markdown",
   "id": "74c434da",
   "metadata": {},
   "source": [
    "#### Deal with categorical variables"
   ]
  },
  {
   "cell_type": "code",
   "execution_count": 31,
   "id": "af488565",
   "metadata": {},
   "outputs": [
    {
     "data": {
      "text/html": [
       "<div>\n",
       "<style scoped>\n",
       "    .dataframe tbody tr th:only-of-type {\n",
       "        vertical-align: middle;\n",
       "    }\n",
       "\n",
       "    .dataframe tbody tr th {\n",
       "        vertical-align: top;\n",
       "    }\n",
       "\n",
       "    .dataframe thead th {\n",
       "        text-align: right;\n",
       "    }\n",
       "</style>\n",
       "<table border=\"1\" class=\"dataframe\">\n",
       "  <thead>\n",
       "    <tr style=\"text-align: right;\">\n",
       "      <th></th>\n",
       "      <th>TOTAL_VALUE</th>\n",
       "      <th>LOT_SQFT</th>\n",
       "      <th>YR_BUILT</th>\n",
       "      <th>LIVING_AREA</th>\n",
       "      <th>FLOORS</th>\n",
       "      <th>ROOMS</th>\n",
       "      <th>BEDROOMS</th>\n",
       "      <th>FULL_BATH</th>\n",
       "      <th>HALF_BATH</th>\n",
       "      <th>KITCHEN</th>\n",
       "      <th>FIREPLACE</th>\n",
       "      <th>REMODEL_Old</th>\n",
       "      <th>REMODEL_Recent</th>\n",
       "      <th>REMODEL_none</th>\n",
       "    </tr>\n",
       "  </thead>\n",
       "  <tbody>\n",
       "    <tr>\n",
       "      <th>0</th>\n",
       "      <td>344.2</td>\n",
       "      <td>9965.0</td>\n",
       "      <td>1880</td>\n",
       "      <td>1352.0</td>\n",
       "      <td>2.0</td>\n",
       "      <td>6</td>\n",
       "      <td>3</td>\n",
       "      <td>1</td>\n",
       "      <td>1</td>\n",
       "      <td>1</td>\n",
       "      <td>0</td>\n",
       "      <td>0</td>\n",
       "      <td>0</td>\n",
       "      <td>1</td>\n",
       "    </tr>\n",
       "    <tr>\n",
       "      <th>1</th>\n",
       "      <td>412.6</td>\n",
       "      <td>6590.0</td>\n",
       "      <td>1945</td>\n",
       "      <td>1976.0</td>\n",
       "      <td>2.0</td>\n",
       "      <td>10</td>\n",
       "      <td>4</td>\n",
       "      <td>2</td>\n",
       "      <td>1</td>\n",
       "      <td>1</td>\n",
       "      <td>0</td>\n",
       "      <td>0</td>\n",
       "      <td>1</td>\n",
       "      <td>0</td>\n",
       "    </tr>\n",
       "    <tr>\n",
       "      <th>2</th>\n",
       "      <td>330.1</td>\n",
       "      <td>7500.0</td>\n",
       "      <td>1890</td>\n",
       "      <td>1371.0</td>\n",
       "      <td>2.0</td>\n",
       "      <td>8</td>\n",
       "      <td>4</td>\n",
       "      <td>1</td>\n",
       "      <td>1</td>\n",
       "      <td>1</td>\n",
       "      <td>0</td>\n",
       "      <td>0</td>\n",
       "      <td>0</td>\n",
       "      <td>1</td>\n",
       "    </tr>\n",
       "    <tr>\n",
       "      <th>3</th>\n",
       "      <td>498.6</td>\n",
       "      <td>13773.0</td>\n",
       "      <td>1957</td>\n",
       "      <td>2608.0</td>\n",
       "      <td>1.0</td>\n",
       "      <td>9</td>\n",
       "      <td>5</td>\n",
       "      <td>1</td>\n",
       "      <td>1</td>\n",
       "      <td>1</td>\n",
       "      <td>1</td>\n",
       "      <td>0</td>\n",
       "      <td>0</td>\n",
       "      <td>1</td>\n",
       "    </tr>\n",
       "    <tr>\n",
       "      <th>4</th>\n",
       "      <td>331.5</td>\n",
       "      <td>5000.0</td>\n",
       "      <td>1910</td>\n",
       "      <td>1438.0</td>\n",
       "      <td>2.0</td>\n",
       "      <td>7</td>\n",
       "      <td>3</td>\n",
       "      <td>2</td>\n",
       "      <td>0</td>\n",
       "      <td>1</td>\n",
       "      <td>0</td>\n",
       "      <td>0</td>\n",
       "      <td>0</td>\n",
       "      <td>1</td>\n",
       "    </tr>\n",
       "  </tbody>\n",
       "</table>\n",
       "</div>"
      ],
      "text/plain": [
       "   TOTAL_VALUE  LOT_SQFT  YR_BUILT  LIVING_AREA  FLOORS  ROOMS  BEDROOMS  \\\n",
       "0        344.2    9965.0      1880       1352.0     2.0      6         3   \n",
       "1        412.6    6590.0      1945       1976.0     2.0     10         4   \n",
       "2        330.1    7500.0      1890       1371.0     2.0      8         4   \n",
       "3        498.6   13773.0      1957       2608.0     1.0      9         5   \n",
       "4        331.5    5000.0      1910       1438.0     2.0      7         3   \n",
       "\n",
       "   FULL_BATH  HALF_BATH  KITCHEN  FIREPLACE  REMODEL_Old  REMODEL_Recent  \\\n",
       "0          1          1        1          0            0               0   \n",
       "1          2          1        1          0            0               1   \n",
       "2          1          1        1          0            0               0   \n",
       "3          1          1        1          1            0               0   \n",
       "4          2          0        1          0            0               0   \n",
       "\n",
       "   REMODEL_none  \n",
       "0             1  \n",
       "1             0  \n",
       "2             1  \n",
       "3             1  \n",
       "4             1  "
      ]
     },
     "execution_count": 31,
     "metadata": {},
     "output_type": "execute_result"
    }
   ],
   "source": [
    "# flag categorical varibales\n",
    "\n",
    "homes_df_imp1=pd.get_dummies(homes_df_imp,dtype=int)\n",
    "homes_df_imp1.head()"
   ]
  },
  {
   "cell_type": "code",
   "execution_count": 32,
   "id": "28c6023a-2ca7-4e81-9b49-9780240b4ed8",
   "metadata": {},
   "outputs": [
    {
     "data": {
      "text/html": [
       "<div>\n",
       "<style scoped>\n",
       "    .dataframe tbody tr th:only-of-type {\n",
       "        vertical-align: middle;\n",
       "    }\n",
       "\n",
       "    .dataframe tbody tr th {\n",
       "        vertical-align: top;\n",
       "    }\n",
       "\n",
       "    .dataframe thead th {\n",
       "        text-align: right;\n",
       "    }\n",
       "</style>\n",
       "<table border=\"1\" class=\"dataframe\">\n",
       "  <thead>\n",
       "    <tr style=\"text-align: right;\">\n",
       "      <th></th>\n",
       "      <th>TOTAL_VALUE</th>\n",
       "      <th>LOT_SQFT</th>\n",
       "      <th>YR_BUILT</th>\n",
       "      <th>LIVING_AREA</th>\n",
       "      <th>FLOORS</th>\n",
       "      <th>ROOMS</th>\n",
       "      <th>BEDROOMS</th>\n",
       "      <th>FULL_BATH</th>\n",
       "      <th>HALF_BATH</th>\n",
       "      <th>KITCHEN</th>\n",
       "      <th>FIREPLACE</th>\n",
       "      <th>REMODEL_Old</th>\n",
       "      <th>REMODEL_Recent</th>\n",
       "      <th>REMODEL_none</th>\n",
       "    </tr>\n",
       "  </thead>\n",
       "  <tbody>\n",
       "    <tr>\n",
       "      <th>TOTAL_VALUE</th>\n",
       "      <td>1.000000</td>\n",
       "      <td>0.546107</td>\n",
       "      <td>-0.100917</td>\n",
       "      <td>0.823530</td>\n",
       "      <td>0.481523</td>\n",
       "      <td>0.638539</td>\n",
       "      <td>0.561871</td>\n",
       "      <td>0.432807</td>\n",
       "      <td>0.348167</td>\n",
       "      <td>0.018265</td>\n",
       "      <td>0.358567</td>\n",
       "      <td>0.041721</td>\n",
       "      <td>0.228764</td>\n",
       "      <td>-0.217711</td>\n",
       "    </tr>\n",
       "    <tr>\n",
       "      <th>LOT_SQFT</th>\n",
       "      <td>0.546107</td>\n",
       "      <td>1.000000</td>\n",
       "      <td>-0.068903</td>\n",
       "      <td>0.421103</td>\n",
       "      <td>0.073639</td>\n",
       "      <td>0.308398</td>\n",
       "      <td>0.254093</td>\n",
       "      <td>0.201395</td>\n",
       "      <td>0.134932</td>\n",
       "      <td>0.044518</td>\n",
       "      <td>0.181906</td>\n",
       "      <td>0.022732</td>\n",
       "      <td>0.038999</td>\n",
       "      <td>-0.047929</td>\n",
       "    </tr>\n",
       "    <tr>\n",
       "      <th>YR_BUILT</th>\n",
       "      <td>-0.100917</td>\n",
       "      <td>-0.068903</td>\n",
       "      <td>1.000000</td>\n",
       "      <td>-0.128056</td>\n",
       "      <td>-0.190453</td>\n",
       "      <td>-0.144686</td>\n",
       "      <td>-0.130411</td>\n",
       "      <td>0.073706</td>\n",
       "      <td>0.060685</td>\n",
       "      <td>0.052091</td>\n",
       "      <td>0.087234</td>\n",
       "      <td>-0.064071</td>\n",
       "      <td>-0.101228</td>\n",
       "      <td>0.127916</td>\n",
       "    </tr>\n",
       "    <tr>\n",
       "      <th>LIVING_AREA</th>\n",
       "      <td>0.823530</td>\n",
       "      <td>0.421103</td>\n",
       "      <td>-0.128056</td>\n",
       "      <td>1.000000</td>\n",
       "      <td>0.465055</td>\n",
       "      <td>0.709462</td>\n",
       "      <td>0.630201</td>\n",
       "      <td>0.433778</td>\n",
       "      <td>0.293710</td>\n",
       "      <td>0.081412</td>\n",
       "      <td>0.257472</td>\n",
       "      <td>0.044098</td>\n",
       "      <td>0.165224</td>\n",
       "      <td>-0.166909</td>\n",
       "    </tr>\n",
       "    <tr>\n",
       "      <th>FLOORS</th>\n",
       "      <td>0.481523</td>\n",
       "      <td>0.073639</td>\n",
       "      <td>-0.190453</td>\n",
       "      <td>0.465055</td>\n",
       "      <td>1.000000</td>\n",
       "      <td>0.432856</td>\n",
       "      <td>0.431242</td>\n",
       "      <td>0.112166</td>\n",
       "      <td>0.316142</td>\n",
       "      <td>-0.114602</td>\n",
       "      <td>0.120506</td>\n",
       "      <td>0.048083</td>\n",
       "      <td>0.095531</td>\n",
       "      <td>-0.112143</td>\n",
       "    </tr>\n",
       "    <tr>\n",
       "      <th>ROOMS</th>\n",
       "      <td>0.638539</td>\n",
       "      <td>0.308398</td>\n",
       "      <td>-0.144686</td>\n",
       "      <td>0.709462</td>\n",
       "      <td>0.432856</td>\n",
       "      <td>1.000000</td>\n",
       "      <td>0.710693</td>\n",
       "      <td>0.378274</td>\n",
       "      <td>0.282655</td>\n",
       "      <td>0.129223</td>\n",
       "      <td>0.205223</td>\n",
       "      <td>0.050327</td>\n",
       "      <td>0.139214</td>\n",
       "      <td>-0.149754</td>\n",
       "    </tr>\n",
       "    <tr>\n",
       "      <th>BEDROOMS</th>\n",
       "      <td>0.561871</td>\n",
       "      <td>0.254093</td>\n",
       "      <td>-0.130411</td>\n",
       "      <td>0.630201</td>\n",
       "      <td>0.431242</td>\n",
       "      <td>0.710693</td>\n",
       "      <td>1.000000</td>\n",
       "      <td>0.332620</td>\n",
       "      <td>0.256852</td>\n",
       "      <td>0.085353</td>\n",
       "      <td>0.164380</td>\n",
       "      <td>0.042266</td>\n",
       "      <td>0.121563</td>\n",
       "      <td>-0.129603</td>\n",
       "    </tr>\n",
       "    <tr>\n",
       "      <th>FULL_BATH</th>\n",
       "      <td>0.432807</td>\n",
       "      <td>0.201395</td>\n",
       "      <td>0.073706</td>\n",
       "      <td>0.433778</td>\n",
       "      <td>0.112166</td>\n",
       "      <td>0.378274</td>\n",
       "      <td>0.332620</td>\n",
       "      <td>1.000000</td>\n",
       "      <td>-0.130628</td>\n",
       "      <td>0.146650</td>\n",
       "      <td>0.140160</td>\n",
       "      <td>0.023718</td>\n",
       "      <td>0.206033</td>\n",
       "      <td>-0.186483</td>\n",
       "    </tr>\n",
       "    <tr>\n",
       "      <th>HALF_BATH</th>\n",
       "      <td>0.348167</td>\n",
       "      <td>0.134932</td>\n",
       "      <td>0.060685</td>\n",
       "      <td>0.293710</td>\n",
       "      <td>0.316142</td>\n",
       "      <td>0.282655</td>\n",
       "      <td>0.256852</td>\n",
       "      <td>-0.130628</td>\n",
       "      <td>1.000000</td>\n",
       "      <td>-0.020071</td>\n",
       "      <td>0.176234</td>\n",
       "      <td>-0.009348</td>\n",
       "      <td>0.021487</td>\n",
       "      <td>-0.011263</td>\n",
       "    </tr>\n",
       "    <tr>\n",
       "      <th>KITCHEN</th>\n",
       "      <td>0.018265</td>\n",
       "      <td>0.044518</td>\n",
       "      <td>0.052091</td>\n",
       "      <td>0.081412</td>\n",
       "      <td>-0.114602</td>\n",
       "      <td>0.129223</td>\n",
       "      <td>0.085353</td>\n",
       "      <td>0.146650</td>\n",
       "      <td>-0.020071</td>\n",
       "      <td>1.000000</td>\n",
       "      <td>-0.009562</td>\n",
       "      <td>0.023769</td>\n",
       "      <td>0.010102</td>\n",
       "      <td>-0.024796</td>\n",
       "    </tr>\n",
       "    <tr>\n",
       "      <th>FIREPLACE</th>\n",
       "      <td>0.358567</td>\n",
       "      <td>0.181906</td>\n",
       "      <td>0.087234</td>\n",
       "      <td>0.257472</td>\n",
       "      <td>0.120506</td>\n",
       "      <td>0.205223</td>\n",
       "      <td>0.164380</td>\n",
       "      <td>0.140160</td>\n",
       "      <td>0.176234</td>\n",
       "      <td>-0.009562</td>\n",
       "      <td>1.000000</td>\n",
       "      <td>-0.008019</td>\n",
       "      <td>0.020092</td>\n",
       "      <td>-0.011032</td>\n",
       "    </tr>\n",
       "    <tr>\n",
       "      <th>REMODEL_Old</th>\n",
       "      <td>0.041721</td>\n",
       "      <td>0.022732</td>\n",
       "      <td>-0.064071</td>\n",
       "      <td>0.044098</td>\n",
       "      <td>0.048083</td>\n",
       "      <td>0.050327</td>\n",
       "      <td>0.042266</td>\n",
       "      <td>0.023718</td>\n",
       "      <td>-0.009348</td>\n",
       "      <td>0.023769</td>\n",
       "      <td>-0.008019</td>\n",
       "      <td>1.000000</td>\n",
       "      <td>-0.140580</td>\n",
       "      <td>-0.576336</td>\n",
       "    </tr>\n",
       "    <tr>\n",
       "      <th>REMODEL_Recent</th>\n",
       "      <td>0.228764</td>\n",
       "      <td>0.038999</td>\n",
       "      <td>-0.101228</td>\n",
       "      <td>0.165224</td>\n",
       "      <td>0.095531</td>\n",
       "      <td>0.139214</td>\n",
       "      <td>0.121563</td>\n",
       "      <td>0.206033</td>\n",
       "      <td>0.021487</td>\n",
       "      <td>0.010102</td>\n",
       "      <td>0.020092</td>\n",
       "      <td>-0.140580</td>\n",
       "      <td>1.000000</td>\n",
       "      <td>-0.728076</td>\n",
       "    </tr>\n",
       "    <tr>\n",
       "      <th>REMODEL_none</th>\n",
       "      <td>-0.217711</td>\n",
       "      <td>-0.047929</td>\n",
       "      <td>0.127916</td>\n",
       "      <td>-0.166909</td>\n",
       "      <td>-0.112143</td>\n",
       "      <td>-0.149754</td>\n",
       "      <td>-0.129603</td>\n",
       "      <td>-0.186483</td>\n",
       "      <td>-0.011263</td>\n",
       "      <td>-0.024796</td>\n",
       "      <td>-0.011032</td>\n",
       "      <td>-0.576336</td>\n",
       "      <td>-0.728076</td>\n",
       "      <td>1.000000</td>\n",
       "    </tr>\n",
       "  </tbody>\n",
       "</table>\n",
       "</div>"
      ],
      "text/plain": [
       "                TOTAL_VALUE  LOT_SQFT  YR_BUILT  LIVING_AREA    FLOORS  \\\n",
       "TOTAL_VALUE        1.000000  0.546107 -0.100917     0.823530  0.481523   \n",
       "LOT_SQFT           0.546107  1.000000 -0.068903     0.421103  0.073639   \n",
       "YR_BUILT          -0.100917 -0.068903  1.000000    -0.128056 -0.190453   \n",
       "LIVING_AREA        0.823530  0.421103 -0.128056     1.000000  0.465055   \n",
       "FLOORS             0.481523  0.073639 -0.190453     0.465055  1.000000   \n",
       "ROOMS              0.638539  0.308398 -0.144686     0.709462  0.432856   \n",
       "BEDROOMS           0.561871  0.254093 -0.130411     0.630201  0.431242   \n",
       "FULL_BATH          0.432807  0.201395  0.073706     0.433778  0.112166   \n",
       "HALF_BATH          0.348167  0.134932  0.060685     0.293710  0.316142   \n",
       "KITCHEN            0.018265  0.044518  0.052091     0.081412 -0.114602   \n",
       "FIREPLACE          0.358567  0.181906  0.087234     0.257472  0.120506   \n",
       "REMODEL_Old        0.041721  0.022732 -0.064071     0.044098  0.048083   \n",
       "REMODEL_Recent     0.228764  0.038999 -0.101228     0.165224  0.095531   \n",
       "REMODEL_none      -0.217711 -0.047929  0.127916    -0.166909 -0.112143   \n",
       "\n",
       "                   ROOMS  BEDROOMS  FULL_BATH  HALF_BATH   KITCHEN  FIREPLACE  \\\n",
       "TOTAL_VALUE     0.638539  0.561871   0.432807   0.348167  0.018265   0.358567   \n",
       "LOT_SQFT        0.308398  0.254093   0.201395   0.134932  0.044518   0.181906   \n",
       "YR_BUILT       -0.144686 -0.130411   0.073706   0.060685  0.052091   0.087234   \n",
       "LIVING_AREA     0.709462  0.630201   0.433778   0.293710  0.081412   0.257472   \n",
       "FLOORS          0.432856  0.431242   0.112166   0.316142 -0.114602   0.120506   \n",
       "ROOMS           1.000000  0.710693   0.378274   0.282655  0.129223   0.205223   \n",
       "BEDROOMS        0.710693  1.000000   0.332620   0.256852  0.085353   0.164380   \n",
       "FULL_BATH       0.378274  0.332620   1.000000  -0.130628  0.146650   0.140160   \n",
       "HALF_BATH       0.282655  0.256852  -0.130628   1.000000 -0.020071   0.176234   \n",
       "KITCHEN         0.129223  0.085353   0.146650  -0.020071  1.000000  -0.009562   \n",
       "FIREPLACE       0.205223  0.164380   0.140160   0.176234 -0.009562   1.000000   \n",
       "REMODEL_Old     0.050327  0.042266   0.023718  -0.009348  0.023769  -0.008019   \n",
       "REMODEL_Recent  0.139214  0.121563   0.206033   0.021487  0.010102   0.020092   \n",
       "REMODEL_none   -0.149754 -0.129603  -0.186483  -0.011263 -0.024796  -0.011032   \n",
       "\n",
       "                REMODEL_Old  REMODEL_Recent  REMODEL_none  \n",
       "TOTAL_VALUE        0.041721        0.228764     -0.217711  \n",
       "LOT_SQFT           0.022732        0.038999     -0.047929  \n",
       "YR_BUILT          -0.064071       -0.101228      0.127916  \n",
       "LIVING_AREA        0.044098        0.165224     -0.166909  \n",
       "FLOORS             0.048083        0.095531     -0.112143  \n",
       "ROOMS              0.050327        0.139214     -0.149754  \n",
       "BEDROOMS           0.042266        0.121563     -0.129603  \n",
       "FULL_BATH          0.023718        0.206033     -0.186483  \n",
       "HALF_BATH         -0.009348        0.021487     -0.011263  \n",
       "KITCHEN            0.023769        0.010102     -0.024796  \n",
       "FIREPLACE         -0.008019        0.020092     -0.011032  \n",
       "REMODEL_Old        1.000000       -0.140580     -0.576336  \n",
       "REMODEL_Recent    -0.140580        1.000000     -0.728076  \n",
       "REMODEL_none      -0.576336       -0.728076      1.000000  "
      ]
     },
     "execution_count": 32,
     "metadata": {},
     "output_type": "execute_result"
    }
   ],
   "source": [
    "#extra step \n",
    "homes_df_imp1.corr()"
   ]
  },
  {
   "cell_type": "markdown",
   "id": "448a0a07",
   "metadata": {},
   "source": [
    "#### Normalize data"
   ]
  },
  {
   "cell_type": "code",
   "execution_count": 33,
   "id": "56f70a86",
   "metadata": {},
   "outputs": [],
   "source": [
    "from sklearn import preprocessing"
   ]
  },
  {
   "cell_type": "code",
   "execution_count": 34,
   "id": "8ade6fcd",
   "metadata": {},
   "outputs": [],
   "source": [
    "# create a dataframe with just the predictors, and another with just the values for the response variable\n",
    "# predictor_df should be helpful when you normalize the predictors below, and response_df should be helpful when you partition\n",
    "# your data into train and test sets (hint: you can use \"y = response_df\" when you partition)\n",
    "\n",
    "predictor_df = homes_df_imp1[['LOT_SQFT' ,'YR_BUILT','LIVING_AREA','FLOORS','ROOMS','BEDROOMS','FULL_BATH','HALF_BATH','KITCHEN','FIREPLACE','REMODEL_Old', 'REMODEL_Recent','REMODEL_none']]\n",
    "response_df = homes_df_imp1['TOTAL_VALUE']\n"
   ]
  },
  {
   "cell_type": "code",
   "execution_count": 35,
   "id": "1df45779",
   "metadata": {},
   "outputs": [
    {
     "data": {
      "text/html": [
       "<div>\n",
       "<style scoped>\n",
       "    .dataframe tbody tr th:only-of-type {\n",
       "        vertical-align: middle;\n",
       "    }\n",
       "\n",
       "    .dataframe tbody tr th {\n",
       "        vertical-align: top;\n",
       "    }\n",
       "\n",
       "    .dataframe thead th {\n",
       "        text-align: right;\n",
       "    }\n",
       "</style>\n",
       "<table border=\"1\" class=\"dataframe\">\n",
       "  <thead>\n",
       "    <tr style=\"text-align: right;\">\n",
       "      <th></th>\n",
       "      <th>LOT_SQFT</th>\n",
       "      <th>YR_BUILT</th>\n",
       "      <th>LIVING_AREA</th>\n",
       "      <th>FLOORS</th>\n",
       "      <th>ROOMS</th>\n",
       "      <th>BEDROOMS</th>\n",
       "      <th>FULL_BATH</th>\n",
       "      <th>HALF_BATH</th>\n",
       "      <th>KITCHEN</th>\n",
       "      <th>FIREPLACE</th>\n",
       "      <th>REMODEL_Old</th>\n",
       "      <th>REMODEL_Recent</th>\n",
       "      <th>REMODEL_none</th>\n",
       "    </tr>\n",
       "  </thead>\n",
       "  <tbody>\n",
       "    <tr>\n",
       "      <th>0</th>\n",
       "      <td>1.381094</td>\n",
       "      <td>-1.576825</td>\n",
       "      <td>-0.560857</td>\n",
       "      <td>0.710966</td>\n",
       "      <td>-0.692039</td>\n",
       "      <td>-0.271806</td>\n",
       "      <td>-0.568577</td>\n",
       "      <td>0.723264</td>\n",
       "      <td>-0.124814</td>\n",
       "      <td>-1.309450</td>\n",
       "      <td>-0.333589</td>\n",
       "      <td>-0.421418</td>\n",
       "      <td>0.578810</td>\n",
       "    </tr>\n",
       "    <tr>\n",
       "      <th>1</th>\n",
       "      <td>0.116790</td>\n",
       "      <td>0.229392</td>\n",
       "      <td>0.579744</td>\n",
       "      <td>0.710966</td>\n",
       "      <td>2.090505</td>\n",
       "      <td>0.909482</td>\n",
       "      <td>1.347151</td>\n",
       "      <td>0.723264</td>\n",
       "      <td>-0.124814</td>\n",
       "      <td>-1.309450</td>\n",
       "      <td>-0.333589</td>\n",
       "      <td>2.372943</td>\n",
       "      <td>-1.727683</td>\n",
       "    </tr>\n",
       "    <tr>\n",
       "      <th>2</th>\n",
       "      <td>0.457684</td>\n",
       "      <td>-1.298946</td>\n",
       "      <td>-0.526127</td>\n",
       "      <td>0.710966</td>\n",
       "      <td>0.699233</td>\n",
       "      <td>0.909482</td>\n",
       "      <td>-0.568577</td>\n",
       "      <td>0.723264</td>\n",
       "      <td>-0.124814</td>\n",
       "      <td>-1.309450</td>\n",
       "      <td>-0.333589</td>\n",
       "      <td>-0.421418</td>\n",
       "      <td>0.578810</td>\n",
       "    </tr>\n",
       "    <tr>\n",
       "      <th>3</th>\n",
       "      <td>2.807603</td>\n",
       "      <td>0.562847</td>\n",
       "      <td>1.734968</td>\n",
       "      <td>-1.537005</td>\n",
       "      <td>1.394869</td>\n",
       "      <td>2.090769</td>\n",
       "      <td>-0.568577</td>\n",
       "      <td>0.723264</td>\n",
       "      <td>-0.124814</td>\n",
       "      <td>0.460275</td>\n",
       "      <td>-0.333589</td>\n",
       "      <td>-0.421418</td>\n",
       "      <td>0.578810</td>\n",
       "    </tr>\n",
       "    <tr>\n",
       "      <th>4</th>\n",
       "      <td>-0.478838</td>\n",
       "      <td>-0.743187</td>\n",
       "      <td>-0.403659</td>\n",
       "      <td>0.710966</td>\n",
       "      <td>0.003597</td>\n",
       "      <td>-0.271806</td>\n",
       "      <td>1.347151</td>\n",
       "      <td>-1.150120</td>\n",
       "      <td>-0.124814</td>\n",
       "      <td>-1.309450</td>\n",
       "      <td>-0.333589</td>\n",
       "      <td>-0.421418</td>\n",
       "      <td>0.578810</td>\n",
       "    </tr>\n",
       "    <tr>\n",
       "      <th>5</th>\n",
       "      <td>-0.425643</td>\n",
       "      <td>0.368332</td>\n",
       "      <td>-1.094600</td>\n",
       "      <td>-1.537005</td>\n",
       "      <td>-0.692039</td>\n",
       "      <td>-0.271806</td>\n",
       "      <td>-0.568577</td>\n",
       "      <td>-1.150120</td>\n",
       "      <td>-0.124814</td>\n",
       "      <td>0.460275</td>\n",
       "      <td>2.997704</td>\n",
       "      <td>-0.421418</td>\n",
       "      <td>-1.727683</td>\n",
       "    </tr>\n",
       "    <tr>\n",
       "      <th>6</th>\n",
       "      <td>-0.478838</td>\n",
       "      <td>0.479484</td>\n",
       "      <td>0.470071</td>\n",
